
 LIST ALL SELECTED ELEMENTS.  (LIST NODES)
 
    ELEM MAT TYP REL ESY SEC        NODES
 
       1   1   1   1   0   1    149    60   161   150   251   272   186   254
       2   1   1   1   0   1     63    46   176   109    89   301    47    91
       3   1   1   1   0   1    125   334   332   139   197   333   218   198
       4   1   1   1   0   1    129    39    34    36   209    38    35   210
       5   1   1   1   0   1    138   117   115   133   224   116   217    98
       6   1   1   1   0   1    163   164    61   157   277   275   267    65
       7   1   1   1   0   1    141   328     6   329   236   331   330   237
       8   1   1   1   0   1    145    14    16   155   248    15   257   249
       9   1   1   1   0   1    149   150    97   111   254   256   105   255
      10   1   1   1   0   1    183   138   133   134   225    98   213    62
      11   1   1   1   0   1     48    55    20    22    92    71    21    72
      12   1   1   1   0   1     56    48    22    24    93    72    23    73
      13   1   1   1   0   1     57    56    24    26   106    73    25    74
      14   1   1   1   0   1     58    57    26    28   107    74    27    75
      15   1   1   1   0   1    150    52    59    97   100    76    88   256
      16   1   1   1   0   1     58    28    59    52    75    29    76   102
      17   1   1   1   0   1    161   158   157    61   273   269   267   110
      18   1   1   1   0   1    162   163     2   340   282   284   341   283
      19   1   1   1   0   1    180   169   168    53   292   289   287    99
      20   1   1   1   0   1     32   172   173    30   300   296   295    31
 
    ELEM MAT TYP REL ESY SEC        NODES
 
      21   1   1   1   0   1    178    54   177   176   302   305   304   303
      22   1   1   1   0   1    181    51   180   179   307   310   309   308
      23   1   1   1   0   1     48    63   109    55    94    91    87    92
      24   1   1   1   0   1     45    63    48    56    82    94    93    83
      25   1   1   1   0   1     57   182    45    56   108   311    83   106
      26   1   1   1   0   1     46    63    45   179    89    82    84   306
      27   1   1   1   0   1    181   179    45   182   308    84   311    95
      28   1   1   1   0   1     50   183   182   184   312   314   313   317
      29   1   1   1   0   1    164   165   184    58   276   185   316   315
      30   1   1   1   0   1    181   182   183   134    95   314    62   212
      31   1   1   1   0   1    182    57    58   184   108   107   316   313
      32   1   1   1   0   1     58    52    61   164   102   101   275   315
      33   1   1   1   0   1    177   154   109   176   264    68    47   304
      34   1   1   1   0   1    154   153    55   109   261   259    87    68
      35   1   1   1   0   1     53   168   173   178   287    80   294   104
      36   1   1   1   0   1    168   335    30   173   286   336   295    80
      37   1   1   1   0   1      2   163   157     8   284    65   266     7
      38   1   1   1   0   1     52   150   161    61   100   186   110   101
      39   1   1   1   0   1    151    60   149   152   250   251   252    78
      40   1   1   1   0   1    137   123   117   138   219   118   224   221
 
    ELEM MAT TYP REL ESY SEC        NODES
 
      41   1   1   1   0   1    153    18    20    55   258    19    71   259
      42   1   1   1   0   1    165   166    50   184   279   274   317   185
      43   1   1   1   0   1    122    96   127   167   121   187   192   281
      44   1   1   1   0   1     96     4   126   127     5   188   190   187
      45   1   1   1   0   1      4     1   338   126     3   339   189   188
      46   1   1   1   0   1    126   338   334   125   189   337   197   191
      47   1   1   1   0   1    127   126   125   128   190   191   195   193
      48   1   1   1   0   1    167   127   128   166   192   193   194    81
      49   1   1   1   0   1    166   128   140    50   194   196   223   274
      50   1   1   1   0   1    128   125   139   140   195   198    64   196
      51   1   1   1   0   1     51   135   131   171   211   199   204   291
      52   1   1   1   0   1    135   136   130   131    66   200   202   199
      53   1   1   1   0   1    136    43    41   130   216    42   201   200
      54   1   1   1   0   1    130    41    39   129   201    40   209   203
      55   1   1   1   0   1    131   130   129   132   202   203   207   205
      56   1   1   1   0   1    171   131   132   170   204   205   206    67
      57   1   1   1   0   1    170   132    85   120   206   208   119   285
      58   1   1   1   0   1    132   129    36    85   207   210    37   208
      59   1   1   1   0   1     51   181   134   135   307   212   214   211
      60   1   1   1   0   1    134   133   136   135   213   215    66   214
 
    ELEM MAT TYP REL ESY SEC        NODES
 
      61   1   1   1   0   1    136   133   115    43   215   217    44   216
      62   1   1   1   0   1    332   123   137   139   124   219   220   218
      63   1   1   1   0   1    139   137   138   140   220   221   222    64
      64   1   1   1   0   1    140   138   183    50   222   225   312   223
      65   1   1   1   0   1     60   151   143   160   250   226   231   271
      66   1   1   1   0   1    151   152   142   143    78   227   229   226
      67   1   1   1   0   1    152   322   324   142   253   323   228   227
      68   1   1   1   0   1    142   324   328   141   228   325   236   230
      69   1   1   1   0   1    143   142   141   144   229   230   234   232
      70   1   1   1   0   1    160   143   144   159   231   232   233    79
      71   1   1   1   0   1    159   144   114    77   233   235   113   265
      72   1   1   1   0   1    144   141   329   114   234   237   321   235
      73   1   1   1   0   1     49   103   147   175    90   238   243   299
      74   1   1   1   0   1    103   326   146   147   318   239   241   238
      75   1   1   1   0   1    326    10    12   146   327    11   240   239
      76   1   1   1   0   1    146    12    14   145   240    13   248   242
      77   1   1   1   0   1    147   146   145   148   241   242   246   244
      78   1   1   1   0   1    175   147   148   174   243   244   245    69
      79   1   1   1   0   1    174   148   156    54   245   247   263   293
      80   1   1   1   0   1    148   145   155   156   246   249    70   247
 
    ELEM MAT TYP REL ESY SEC        NODES
 
      81   1   1   1   0   1    152   149   111   322   252   255   112   253
      82   1   1   1   0   1     16    18   153   155    17   258   260   257
      83   1   1   1   0   1    155   153   154   156   260   261   262    70
      84   1   1   1   0   1    156   154   177    54   262   264   305   263
      85   1   1   1   0   1     77     8   157   159     9   266   268   265
      86   1   1   1   0   1    159   157   158   160   268   269   270    79
      87   1   1   1   0   1    160   158   161    60   270   273   272   271
      88   1   1   1   0   1    165   164   163   162   276   277   282   278
      89   1   1   1   0   1    165   162   167   166   278   280    81   279
      90   1   1   1   0   1    167   162   340   122   280   283   320   281
      91   1   1   1   0   1    120   335   168   170   319   286   288   285
      92   1   1   1   0   1    170   168   169   171   288   289   290    67
      93   1   1   1   0   1    171   169   180    51   290   292   310   291
      94   1   1   1   0   1     54   178   173   174   302   294   297   293
      95   1   1   1   0   1    173   172   175   174   296   298    69   297
      96   1   1   1   0   1    175   172    32    49   298   300    33   299
      97   1   1   1   0   1     53   178   176    46   104   303   301    86
      98   1   1   1   0   1    179   180    53    46   309    99    86   306

