1	509	500	473	479	504	488	477	497
2	500	489	461	473	495	476	468	488
3	489	475	447	461	484	462	454	476
4	475	460	429	447	469	444	436	462
5	460	445	405	429	452	426	418	444
6	445	430	390	405	437	410	398	426
7	430	414	374	390	422	393	384	410
8	414	402	355	374	408	378	364	393
9	402	432	396	355	416	413	376	378
10	273	271	230	234	272	248	232	249
11	276	273	234	242	275	249	238	257
12	278	276	242	254	277	257	246	262
13	280	278	254	247	279	262	251	260
14	284	280	247	253	283	260	250	264
15	289	284	253	258	285	264	256	274
16	292	289	258	282	291	274	269	286
17	303	292	282	305	297	286	294	304
18	319	303	305	322	310	304	312	320
19	344	319	322	348	330	320	334	345
20	432	464	442	396	450	453	420	413
21	606	612	624	619	608	615	621	611
22	612	623	633	624	614	627	628	615
23	623	632	644	633	625	638	640	627
24	377	344	348	383	358	345	363	379
25	464	491	483	442	478	485	467	453
26	415	377	383	424	395	379	401	421
27	491	514	510	483	502	511	498	485
28	463	415	424	456	439	421	441	458
29	639	619	624	633	630	621	628	636
30	639	633	644	657	636	640	649	645
31	514	528	531	510	520	530	522	511
32	496	463	456	480	482	458	470	487
33	518	496	480	503	507	487	492	512
34	528	542	547	531	536	544	537	530
35	632	643	661	644	637	652	653	638
36	657	644	661	678	649	653	667	665
37	643	658	683	661	650	668	671	652
38	678	661	683	709	667	671	698	692
39	658	669	691	683	663	681	686	668
40	669	684	697	691	679	688	693	681
41	684	702	713	697	694	707	703	688
42	702	717	732	713	710	726	722	707
43	717	733	758	732	727	745	744	726
44	733	747	786	758	740	764	768	745
45	747	760	795	786	754	782	790	764
46	760	772	806	795	767	791	802	782
47	772	779	818	806	776	799	813	791
48	779	778	825	818	780	803	822	799
49	778	770	823	825	774	800	824	803
50	770	761	817	823	766	792	819	800
51	761	750	808	817	757	784	814	792
52	750	737	789	808	743	759	798	784
53	737	723	755	789	731	738	769	759
54	723	708	734	755	715	719	742	738
55	708	687	711	734	699	700	721	719
56	687	670	682	711	680	677	695	700
57	670	654	656	682	662	655	666	677
58	534	518	503	523	524	512	515	526
59	542	555	561	547	548	558	554	544
60	545	534	523	535	538	526	529	540
61	555	570	576	561	563	572	569	558
62	557	545	535	546	550	540	541	551
63	568	557	546	560	562	551	553	564
64	570	584	590	576	578	587	583	572
65	751	709	683	730	728	698	705	739
66	683	691	720	730	686	704	725	705
67	580	568	560	574	573	564	566	577
68	593	580	574	588	586	577	581	591
69	607	593	588	603	599	591	596	604
70	631	607	603	626	617	604	613	629
71	654	631	626	656	642	629	641	655
72	584	600	602	590	592	601	595	587
73	809	751	730	781	785	739	749	796
74	600	620	616	602	610	618	609	601
75	856	809	781	828	834	796	804	841
76	431	479	473	446	457	477	459	438
77	313	343	314	266	327	328	295	296
78	343	380	351	314	360	362	329	328
79	131	105	97	136	117	103	115	133
80	230	202	197	234	219	199	218	232
81	380	431	391	351	403	411	367	362
82	163	131	136	165	143	133	148	164
83	202	163	165	197	186	164	185	199
84	620	646	648	616	635	647	634	618
85	886	856	828	859	873	841	845	875
86	912	886	859	888	900	875	877	899
87	646	676	672	648	659	673	660	647
88	676	718	712	672	696	714	689	673
89	930	912	888	909	920	899	897	919
90	718	787	765	712	746	773	735	714
91	944	930	909	925	938	919	917	937
92	950	944	925	923	948	937	924	940
93	787	846	831	765	816	836	801	773
94	846	881	863	831	865	872	852	836
95	954	950	923	927	952	940	926	942
96	881	906	876	863	893	890	871	872
97	958	954	927	931	956	942	928	945
98	906	922	887	876	915	908	882	890
99	955	958	931	933	957	945	932	946
100	922	939	896	887	934	918	892	908
101	951	955	933	936	953	946	935	943
102	939	947	911	896	941	929	905	918
103	947	951	936	911	949	943	921	929
104	37	32	20	31	35	26	25	36
105	48	37	31	62	42	36	46	52
106	209	179	132	188	193	152	157	196
107	179	166	121	132	168	140	126	152
108	4	1	5	10	2	3	7	6
109	151	154	104	99	153	127	100	123
110	20	11	21	31	14	17	28	25
111	11	4	10	21	8	6	16	17
112	64	48	62	74	56	52	67	69
113	62	31	21	57	46	28	39	59
114	58	57	21	34	55	39	29	44
115	63	58	34	47	61	44	40	51
116	77	63	47	65	70	51	53	71
117	93	77	65	88	84	71	78	91
118	93	88	121	116	91	106	119	107
119	116	121	166	138	119	140	150	129
120	138	166	187	158	150	175	173	149
121	187	223	215	158	203	220	190	173
122	172	158	215	217	167	190	216	195
123	171	172	217	210	174	195	213	192
124	155	171	210	191	162	192	198	176
125	135	155	191	159	142	176	178	144
126	111	135	159	125	124	144	139	118
127	86	111	125	92	101	118	109	90
128	74	86	92	64	81	90	79	69
129	82	64	92	110	75	79	102	95
130	97	82	110	130	89	95	120	112
131	223	266	259	215	240	261	237	220
132	170	188	132	114	180	157	122	137
133	154	170	114	104	160	137	108	127
134	5	12	19	10	9	15	13	7
135	21	10	19	34	16	13	23	29
136	66	99	104	72	80	100	85	68
137	12	24	30	19	18	27	22	15
138	34	19	30	47	23	22	38	40
139	43	66	72	49	50	68	60	45
140	24	43	49	30	33	45	41	27
141	473	461	425	446	468	443	435	459
142	691	697	713	720	693	703	716	704
143	713	732	752	720	722	741	736	716
144	732	758	793	752	744	775	771	741
145	758	786	829	793	768	805	811	775
146	786	795	821	829	790	807	827	805
147	795	806	838	821	802	826	833	807
148	806	818	857	838	813	839	851	826
149	818	825	862	857	822	848	858	839
150	825	823	869	862	824	849	864	848
151	823	817	866	869	819	844	868	849
152	461	447	409	425	454	428	417	443
153	447	429	394	409	436	412	400	428
154	429	405	375	394	418	389	386	412
155	405	390	356	375	398	372	365	389
156	390	374	352	356	384	361	353	372
157	374	355	318	352	364	339	332	361
158	817	808	860	866	814	837	861	844
159	808	789	843	860	798	815	853	837
160	789	755	797	843	769	777	820	815
161	755	734	783	797	742	753	788	777
162	734	711	748	783	721	729	762	753
163	355	396	373	315	376	385	341	331
164	396	442	427	373	420	433	397	385
165	431	446	425	391	438	435	406	411
166	442	483	471	427	467	474	451	433
167	483	510	505	471	498	506	490	474
168	510	531	533	505	522	532	521	506
169	711	682	701	748	695	690	724	729
170	682	656	675	701	666	664	685	690
171	531	547	552	533	537	549	543	532
172	547	561	567	552	554	565	559	549
173	567	574	560	552	571	566	556	559
174	588	574	567	582	581	571	575	585
175	552	560	546	533	556	553	539	543
176	567	561	576	582	565	569	579	575
177	92	125	145	110	109	134	128	102
178	576	590	597	582	583	594	589	579
179	582	597	603	588	589	598	596	585
180	626	603	597	616	613	598	605	622
181	597	590	602	616	594	595	609	605
182	626	616	648	656	622	634	651	641
183	656	648	672	675	651	660	674	664
184	675	672	712	701	674	689	706	685
185	701	712	765	748	706	735	756	724
186	765	831	832	748	801	830	794	756
187	831	863	876	832	852	871	855	830
188	876	887	840	832	882	870	835	855
189	748	832	840	783	794	835	812	762
190	266	314	301	259	295	308	288	261
191	314	351	326	301	329	337	311	308
192	351	391	371	326	367	381	347	337
193	234	197	224	242	218	212	231	238
194	247	254	242	224	251	246	231	235
195	258	253	228	236	256	239	229	245
196	253	247	224	228	250	235	225	239
197	282	258	236	255	269	245	244	265
198	130	110	145	169	120	128	156	146
199	97	130	161	136	112	141	147	115
200	125	159	201	145	139	183	177	134
201	159	191	227	201	178	211	214	183
202	165	136	161	197	148	147	184	185
203	215	259	281	217	237	267	241	216
204	887	896	843	840	892	874	842	870
205	843	797	783	840	820	788	812	842
206	843	896	911	860	874	905	889	853
207	911	936	933	904	921	935	916	907
208	860	911	904	866	889	907	885	861
209	933	931	901	904	932	914	903	916
210	866	904	901	869	885	903	884	868
211	931	927	895	901	928	913	898	914
212	927	923	891	895	926	910	894	913
213	869	901	895	862	884	898	883	864
214	862	895	891	857	883	894	878	858
215	923	925	909	891	924	917	902	910
216	909	888	867	891	897	879	880	902
217	857	891	867	838	878	880	854	851
218	821	838	867	829	833	854	850	827
219	867	888	859	829	879	877	847	850
220	793	829	859	828	811	847	845	810
221	793	828	781	752	810	804	763	771
222	752	781	730	720	763	749	725	736
223	191	210	263	227	198	233	243	211
224	210	217	281	263	213	241	270	233
225	546	535	519	533	541	527	525	539
226	535	523	513	519	529	517	516	527
227	523	503	481	513	515	493	499	517
228	503	480	448	481	492	465	466	493
229	480	456	424	448	470	441	434	465
230	424	383	392	448	401	387	419	434
231	383	348	350	392	363	349	368	387
232	348	322	325	350	334	323	336	349
233	322	305	307	325	312	306	316	323
234	305	282	255	307	294	265	287	306
235	121	88	98	132	106	94	113	126
236	88	65	83	98	78	73	87	94
237	47	30	49	65	38	41	54	53
238	65	49	72	83	54	60	76	73
239	72	104	114	83	85	108	96	76
240	132	98	83	114	113	87	96	122
241	236	228	208	205	229	221	206	222
242	255	236	205	201	244	222	204	226
243	145	201	205	169	177	204	189	156
244	307	255	290	338	287	268	309	317
245	255	201	227	290	226	214	252	268
246	350	325	307	338	336	316	317	342
247	318	355	315	263	339	331	293	298
248	227	263	315	290	243	293	299	252
249	290	315	373	338	299	341	354	309
250	130	169	194	161	146	182	181	141
251	169	205	208	194	189	206	200	182
252	208	228	224	194	221	225	207	200
253	224	197	161	194	212	184	181	207
254	391	425	409	371	406	417	388	381
255	409	394	369	371	400	382	370	388
256	394	375	346	369	386	359	357	382
257	375	356	324	346	365	340	333	359
258	356	352	318	324	353	332	321	340
259	505	533	519	494	521	525	508	501
260	494	519	513	481	508	516	499	486
261	471	505	494	440	490	501	472	455
262	427	471	440	373	451	455	404	397
263	281	259	301	326	267	288	311	302
264	263	281	324	318	270	300	321	298
265	326	346	324	281	335	333	300	302
266	373	440	407	338	404	423	366	354
267	407	392	350	338	399	368	342	366
268	440	494	481	407	472	486	449	423
269	407	481	448	392	449	466	419	399
270	326	371	369	346	347	370	357	335
